method,sid,rmsd,lddt,plddt,size,tmscore,sequence_identity,sequence_similarity,len
baseline,1ABO_A,11.020249366760254,45.409568786621094,51.44568979329076,58,0.2348,1.0,1.0,58
carbonara_maxseqid,1ABO_A,1.0758464336395264,93.37846374511719,87.6913793498072,58,0.9334,0.6379310344827587,0.8275862068965517,58
esm,1ABO_A,2.1063265800476074,82.43497467041016,89.28534481443208,58,0.8388,0.5517241379310345,0.7413793103448276,58
mpnn,1ABO_A,2.5020558834075928,71.77336120605469,71.81413775476916,58,0.674,0.5,0.6896551724137931,58
baseline,1ABQ_A,10.949207305908203,47.962135314941406,50.27982146399362,56,0.2338,1.0,1.0,56
carbonara_maxseqid,1ABQ_A,1.6732672452926636,82.86833953857422,81.57125016621181,56,0.8363,0.4821428571428571,0.6964285714285714,56
esm,1ABQ_A,1.1058281660079956,88.54719543457031,90.19607148851667,56,0.8964,0.4107142857142857,0.5714285714285714,56
mpnn,1ABQ_A,2.119957447052002,76.74853515625,74.71553584507534,56,0.743,0.4642857142857143,0.6071428571428571,56
baseline,1AWO_A,10.92471981048584,45.203033447265625,49.06157888445938,57,0.2576,1.0,1.0,57
carbonara_maxseqid,1AWO_A,11.24869441986084,51.003753662109375,49.493859809741636,57,0.372,0.3157894736842105,0.5614035087719298,57
esm,1AWO_A,10.276595115661621,55.63762664794922,61.677894726134184,57,0.4731,0.2456140350877192,0.5263157894736842,57
mpnn,1AWO_A,3.1529974937438965,60.26948928833008,58.70754436024448,57,0.5562,0.2982456140350877,0.543859649122807,57
baseline,1BBZ_A,11.15392017364502,45.426544189453125,51.44568979329076,58,0.2342,1.0,1.0,58
carbonara_maxseqid,1BBZ_A,5.49937105178833,55.86723709106445,46.99137944188611,58,0.3655,0.5172413793103449,0.7931034482758621,58
esm,1BBZ_A,2.6086246967315674,68.98694610595703,83.02482756252947,58,0.6618,0.5862068965517241,0.7241379310344828,58
mpnn,1BBZ_A,2.208646059036255,73.85299682617188,72.62844822324556,58,0.7128,0.5344827586206896,0.6896551724137931,58
baseline,1DAN_T,2.854692220687866,65.96890258789062,61.666799774169924,75,0.0,1.0,1.0,75
carbonara_maxseqid,1DAN_T,4.86876106262207,53.57656478881836,44.74039993286133,75,0.0,0.5066666666666667,0.6,75
esm,1DAN_T,3.589906692504883,59.8890495300293,48.95000015258789,75,0.0,0.5066666666666667,0.6266666666666667,75
mpnn,1DAN_T,1.658276915550232,83.38182067871094,83.17613347371419,75,0.0,0.4533333333333333,0.6,75
baseline,1DAN_U,14.5239896774292,40.95271301269531,32.86999991844441,116,0.0,1.0,1.0,116
carbonara_maxseqid,1DAN_U,14.95509147644043,49.378135681152344,63.2355171072072,116,0.0,0.5,0.6982758620689655,116
esm,1DAN_U,17.57321548461914,41.73807144165039,43.286034616930735,116,0.0,0.5086206896551724,0.6379310344827587,116
mpnn,1DAN_U,12.26244831085205,53.99705505371094,56.11991359447611,116,0.0,0.4224137931034483,0.5431034482758621,116
baseline,1GBQ_A,15.725568771362305,54.38560104370117,46.002807081791396,57,0.1602,1.0,1.0,57
carbonara_maxseqid,1GBQ_A,1.5310877561569214,82.77099609375,84.49824590850295,57,0.8188,0.4736842105263157,0.6842105263157895,57
esm,1GBQ_A,2.019407033920288,77.87739562988281,87.25684222840427,57,0.7764,0.3859649122807017,0.7017543859649122,57
mpnn,1GBQ_A,1.4928621053695679,82.52655029296875,84.99035109135143,57,0.8269,0.3859649122807017,0.7543859649122807,57
baseline,1GBR_A,13.543943405151367,35.931495666503906,42.27297300905795,74,0.2217,1.0,1.0,74
carbonara_maxseqid,1GBR_A,13.423137664794922,60.71996307373047,55.439594681198535,74,0.3727,0.2972972972972973,0.5,74
esm,1GBR_A,14.491135597229004,62.96026611328125,51.824999912365065,74,0.1917,0.3513513513513513,0.6081081081081081,74
mpnn,1GBR_A,11.775823593139648,41.907508850097656,37.78486483805889,74,0.2802,0.2972972972972973,0.4594594594594595,74
baseline,1HIA_I,6.575228214263916,60.0936164855957,71.11687509218852,48,0.0,1.0,1.0,48
carbonara_maxseqid,1HIA_I,8.356741905212402,58.609375,56.15333358446757,48,0.0,0.5625,0.6041666666666666,48
esm,1HIA_I,6.908046722412109,63.25114059448242,64.95708338419597,48,0.0,0.5208333333333334,0.6458333333333334,48
mpnn,1HIA_I,9.863011360168457,45.041107177734375,47.17958343029022,48,0.0,0.4166666666666667,0.4583333333333333,48
baseline,1JRH_I,3.657839059829712,55.72865295410156,35.48042098597476,95,0.0,1.0,1.0,95
carbonara_maxseqid,1JRH_I,3.639430284500122,58.35884094238281,47.671894756116366,95,0.0,0.4210526315789473,0.6421052631578947,95
esm,1JRH_I,2.8204267024993896,63.5844612121582,72.45726310328433,95,0.0,0.3789473684210526,0.5578947368421052,95
mpnn,1JRH_I,3.6556801795959473,54.837738037109375,67.96621081703587,95,0.0,0.431578947368421,0.631578947368421,95
baseline,1JU5_C,11.080857276916504,44.00442123413086,48.89200003941854,60,0.0,1.0,1.0,60
carbonara_maxseqid,1JU5_C,10.854548454284668,50.051048278808594,56.29616667429606,60,0.0,0.3666666666666666,0.55,60
esm,1JU5_C,1.3542451858520508,86.21701049804688,85.69533309936523,60,0.0,0.3,0.5,60
mpnn,1JU5_C,2.2676241397857666,76.22501373291016,81.08683376312256,60,0.0,0.25,0.5,60
baseline,1KBH_B,4.762086868286133,65.42657470703125,67.3916952488786,59,0.1007,1.0,1.0,59
carbonara_maxseqid,1KBH_B,11.649064064025879,58.20447540283203,63.894915629241424,59,0.0949,0.3050847457627119,0.5254237288135594,59
esm,1KBH_B,4.672985553741455,61.09614944458008,82.15559329016735,59,0.1279,0.1694915254237288,0.3898305084745763,59
mpnn,1KBH_B,13.638452529907227,56.42536163330078,64.71966093677585,59,0.0943,0.2203389830508474,0.4406779661016949,59
baseline,1KKL_H,14.16172981262207,48.11130142211914,37.948372175527176,86,0.0,1.0,1.0,86
carbonara_maxseqid,1KKL_H,4.2443766593933105,59.217323303222656,77.40872072619061,86,0.0,0.5,0.6744186046511628,86
esm,1KKL_H,2.5815300941467285,77.19407653808594,80.25244167239167,86,0.0,0.6511627906976745,0.7674418604651163,86
mpnn,1KKL_H,2.432507038116455,76.93294525146484,83.32593026272086,86,0.0,0.4883720930232558,0.6744186046511628,86
baseline,1KKL_I,5.161564826965332,65.74996948242188,68.32344818115234,87,0.0,1.0,1.0,87
carbonara_maxseqid,1KKL_I,8.188591003417969,47.7533073425293,55.783563065802916,87,0.0,0.5172413793103449,0.6666666666666666,87
esm,1KKL_I,12.973422050476074,40.0135612487793,48.8071262754243,87,0.0,0.6091954022988506,0.7586206896551724,87
mpnn,1KKL_I,2.1967310905456543,77.40660858154297,84.84287362811209,87,0.0,0.4712643678160919,0.6206896551724138,87
baseline,1KKL_J,10.684600830078125,47.531368255615234,42.84488623792475,88,0.0,1.0,1.0,88
carbonara_maxseqid,1KKL_J,3.6319022178649902,55.447147369384766,79.5198865370317,88,0.0,0.5454545454545454,0.7045454545454546,88
esm,1KKL_J,11.845624923706055,42.50285339355469,45.64102276888761,88,0.0,0.6477272727272727,0.7840909090909091,88
mpnn,1KKL_J,1.9386937618255615,80.30692291259766,84.88363595442338,88,0.0,0.5113636363636364,0.6363636363636364,88
baseline,1P1A_A,15.446052551269531,42.60609436035156,44.52494125366211,85,0.2886,1.0,1.0,85
carbonara_maxseqid,1P1A_A,7.295919895172119,54.133365631103516,44.794117759255805,85,0.4854,0.3529411764705882,0.5411764705882353,85
esm,1P1A_A,4.0128703117370605,77.94318389892578,82.10564727783203,85,0.8119,0.4352941176470588,0.611764705882353,85
mpnn,1P1A_A,3.853410005569458,77.3069076538086,82.08305897432216,85,0.833,0.2705882352941176,0.4117647058823529,85
baseline,1P4B_L,15.961836814880371,33.275474548339844,43.52681825811213,110,0.2711,1.0,1.0,110
carbonara_maxseqid,1P4B_L,3.2022883892059326,69.3920669555664,69.1160000887784,110,0.7674,0.6,0.7454545454545455,110
esm,1P4B_L,15.977869987487793,31.7353515625,46.30427279038863,110,0.2993,0.5636363636363636,0.7272727272727273,110
mpnn,1P4B_L,3.0847830772399902,60.09571075439453,56.34327281605113,110,0.7125,0.5272727272727272,0.6818181818181818,110
baseline,1P4I_L,15.974085807800293,33.13848876953125,43.52681825811213,110,0.2717,1.0,1.0,110
carbonara_maxseqid,1P4I_L,6.647017478942871,53.6196174621582,58.1033635746349,110,0.567,0.5818181818181818,0.7272727272727273,110
esm,1P4I_L,15.903311729431152,31.232505798339844,33.921909020163795,110,0.237,0.5636363636363636,0.6727272727272727,110
mpnn,1P4I_L,9.744189262390137,51.86349105834961,48.371181696111506,110,0.5499,0.5363636363636364,0.6818181818181818,110
baseline,1S4G_A,9.883050918579102,44.08924865722656,53.62647082758885,51,0.1913,1.0,1.0,51
carbonara_maxseqid,1S4G_A,11.1163911819458,50.43629455566406,49.78745097740024,51,0.1916,0.2941176470588235,0.3725490196078431,51
esm,1S4G_A,9.431117057800293,37.996707916259766,55.36450995650946,51,0.1793,0.2156862745098039,0.3529411764705882,51
mpnn,1S4G_A,11.959443092346191,39.55852127075195,51.56941193225337,51,0.1593,0.2156862745098039,0.2941176470588235,51
baseline,1SSU_A,10.097810745239258,43.83293914794922,53.62647082758885,51,0.2382,1.0,1.0,51
carbonara_maxseqid,1SSU_A,8.297822952270508,48.38129425048828,59.188235264198454,51,0.2546,0.3137254901960784,0.4117647058823529,51
esm,1SSU_A,12.841445922851562,45.41010284423828,48.233333438050515,51,0.1921,0.3333333333333333,0.4117647058823529,51
mpnn,1SSU_A,8.63239860534668,41.310340881347656,57.38686273612228,51,0.2203,0.3529411764705882,0.4509803921568627,51
baseline,1WWA_X,14.520186424255371,46.86813735961914,44.52847624279204,105,0.4753,1.0,1.0,105
carbonara_maxseqid,1WWA_X,16.049455642700195,38.929439544677734,44.568857156662716,105,0.3192,0.4,0.5428571428571428,105
esm,1WWA_X,10.306389808654785,50.80283737182617,40.285238138834636,105,0.3964,0.3904761904761905,0.5238095238095238,105
mpnn,1WWA_X,17.071821212768555,30.70134925842285,40.207428596133276,105,0.1963,0.3714285714285714,0.4857142857142857,105
baseline,1WWW_X,5.888585567474365,45.36635208129883,40.063663482666016,101,0.0,1.0,1.0,101
carbonara_maxseqid,1WWW_X,3.3774232864379883,73.96768951416016,72.64891112676942,101,0.0,0.5247524752475248,0.6732673267326733,101
esm,1WWW_X,3.3233449459075928,62.45635986328125,61.12039596255463,101,0.0,0.5445544554455446,0.6633663366336634,101
mpnn,1WWW_X,6.13480281829834,51.091434478759766,56.990495115223496,101,0.0,0.504950495049505,0.6237623762376238,101
baseline,1WWW_Y,5.9016265869140625,45.303653717041016,40.063663482666016,101,0.0,1.0,1.0,101
carbonara_maxseqid,1WWW_Y,3.520129680633545,71.67365264892578,80.45633689955909,101,0.0,0.4752475247524752,0.6138613861386139,101
esm,1WWW_Y,2.394805669784546,77.0409164428711,73.26633653546324,101,0.0,0.504950495049505,0.6435643564356436,101
mpnn,1WWW_Y,0.7225775122642517,94.27330017089844,90.26930667386196,101,0.0,0.4851485148514851,0.5841584158415841,101
baseline,1WY5_A,19.03456687927246,48.877140045166016,40.732540161280006,311,0.2741,1.0,1.0,311
carbonara_maxseqid,1WY5_A,21.646089553833008,53.51559829711914,48.4481672060068,311,0.3277,0.5273311897106109,0.7106109324758842,311
esm,1WY5_A,19.466838836669922,52.113826751708984,42.611286224659615,311,0.2953,0.5659163987138264,0.7491961414790996,311
mpnn,1WY5_A,24.74850082397461,56.580318450927734,44.54810287868095,311,0.3653,0.4855305466237942,0.6430868167202572,311
baseline,1WY5_B,18.90282440185547,48.26508712768555,40.732540161280006,311,0.0,1.0,1.0,311
carbonara_maxseqid,1WY5_B,25.14495277404785,54.14833068847656,39.94726686385667,311,0.0,0.5337620578778135,0.6881028938906752,311
esm,1WY5_B,21.852798461914062,56.32383728027344,40.76511256104497,311,0.0,0.5691318327974276,0.7459807073954984,311
mpnn,1WY5_B,20.571134567260742,53.00388717651367,48.224758847350095,311,0.0,0.4823151125401929,0.6688102893890675,311
baseline,2C4F_T,2.8561503887176514,65.737060546875,61.666799774169924,75,0.0,1.0,1.0,75
carbonara_maxseqid,2C4F_T,4.251171588897705,57.856895446777344,58.82506627400716,75,0.0,0.6,0.7066666666666667,75
esm,2C4F_T,3.4673573970794678,62.38420104980469,54.84266682942708,75,0.0,0.4666666666666667,0.6,75
mpnn,2C4F_T,2.0376272201538086,86.63404846191406,84.61399993896484,75,0.0,0.5333333333333333,0.68,75
baseline,2C4F_U,14.422869682312012,41.27566909790039,32.86999991844441,116,0.0,1.0,1.0,116
carbonara_maxseqid,2C4F_U,13.364737510681152,53.667083740234375,54.80344841398042,116,0.0,0.5258620689655172,0.7155172413793104,116
esm,2C4F_U,12.657851219177246,57.907413482666016,34.67258611218683,116,0.0,0.4741379310344827,0.6206896551724138,116
mpnn,2C4F_U,3.2381908893585205,79.3725814819336,75.99862085539719,116,0.0,0.4137931034482758,0.5517241379310345,116
baseline,2C52_A,4.877448558807373,69.32560729980469,66.17431094728667,58,0.4395,1.0,1.0,58
carbonara_maxseqid,2C52_A,3.4889636039733887,79.0457534790039,76.33948253763133,58,0.6538,0.293103448275862,0.4137931034482758,58
esm,2C52_A,4.156638145446777,75.62564849853516,84.86689699107203,58,0.6415,0.2586206896551724,0.4655172413793103,58
mpnn,2C52_A,8.53335952758789,55.27507019042969,72.34586196110166,58,0.4836,0.2241379310344827,0.3448275862068966,58
baseline,2CI2_I,4.5326080322265625,68.09474182128906,52.652307803814224,65,0.6629,1.0,1.0,65
carbonara_maxseqid,2CI2_I,4.452434062957764,78.4381103515625,77.7115384028508,65,0.7838,0.5846153846153846,0.7538461538461538,65
esm,2CI2_I,1.9177086353302002,84.41986083984375,84.02338468111478,65,0.8537,0.6,0.7230769230769231,65
mpnn,2CI2_I,1.6396886110305786,88.0383071899414,86.37046139056866,65,0.8662,0.6153846153846154,0.7538461538461538,65
baseline,2CR3_A,6.2896575927734375,49.14325714111328,56.81949511441317,99,0.4839,1.0,1.0,99
carbonara_maxseqid,2CR3_A,12.039523124694824,43.433807373046875,44.24282834987448,99,0.2376,0.3939393939393939,0.5757575757575758,99
esm,2CR3_A,13.538697242736816,46.75790023803711,40.52838383298932,99,0.2488,0.3838383838383838,0.5252525252525253,99
mpnn,2CR3_A,5.779074192047119,62.00519943237305,81.93464656791302,99,0.6576,0.3434343434343434,0.4848484848484848,99
baseline,2CSI_A,9.596282958984375,51.3180046081543,55.772236849132334,76,0.4292,1.0,1.0,76
carbonara_maxseqid,2CSI_A,10.885743141174316,51.2981071472168,50.773421036569694,76,0.4323,0.4736842105263157,0.631578947368421,76
esm,2CSI_A,3.831404447555542,81.15010070800781,83.33618389932732,76,0.7928,0.5394736842105263,0.6578947368421053,76
mpnn,2CSI_A,2.1971774101257324,80.15696716308594,82.55407925655967,76,0.848,0.3947368421052631,0.5657894736842105,76
baseline,2DSQ_G,14.398841857910156,40.18100357055664,34.73287663394458,73,0.0,1.0,1.0,73
carbonara_maxseqid,2DSQ_G,12.27460765838623,39.98758316040039,45.91369864058821,73,0.0,0.547945205479452,0.684931506849315,73
esm,2DSQ_G,7.463319301605225,55.14762878417969,60.773835456534606,73,0.0,0.4383561643835616,0.547945205479452,73
mpnn,2DSQ_G,10.969550132751465,57.91466522216797,54.383972716658086,73,0.0,0.4520547945205479,0.6027397260273972,73
baseline,2E21_A,18.375995635986328,56.3131217956543,46.78211345732776,317,0.323,1.0,1.0,317
carbonara_maxseqid,2E21_A,20.938634872436523,45.95448684692383,39.69813882966147,317,0.2407,0.4668769716088328,0.6813880126182965,317
esm,2E21_A,16.183307647705078,56.1283073425293,48.90277591187871,317,0.3633,0.5457413249211357,0.7413249211356467,317
mpnn,2E21_A,21.997905731201172,63.19096374511719,49.86826493537012,317,0.3635,0.4574132492113564,0.6340694006309149,317
baseline,2E21_B,19.64832878112793,52.385101318359375,41.44245205411486,314,0.0,1.0,1.0,314
carbonara_maxseqid,2E21_B,15.027751922607422,60.24086380004883,54.311847188670164,314,0.0,0.5127388535031847,0.7133757961783439,314
esm,2E21_B,16.152456283569336,47.66944122314453,44.93519109981075,314,0.0,0.5159235668789809,0.697452229299363,314
mpnn,2E21_B,19.85023307800293,60.75954055786133,50.09636947000103,314,0.0,0.4904458598726114,0.6528662420382165,314
baseline,2E89_A,18.483535766601562,56.62499237060547,46.78211345732776,317,0.3227,1.0,1.0,317
carbonara_maxseqid,2E89_A,20.284656524658203,58.13545608520508,50.36593055725098,317,0.335,0.473186119873817,0.6466876971608833,317
esm,2E89_A,22.531272888183594,58.508846282958984,52.22362769214137,317,0.3578,0.5141955835962145,0.6971608832807571,317
mpnn,2E89_A,22.326993942260742,68.94786071777344,60.28621453366445,317,0.3588,0.4637223974763407,0.6435331230283912,317
baseline,2E89_B,19.762487411499023,52.30412292480469,41.44245205411486,314,0.0,1.0,1.0,314
carbonara_maxseqid,2E89_B,21.61420249938965,63.47571563720703,46.60439491271973,314,0.0,0.5063694267515924,0.7133757961783439,314
esm,2E89_B,22.663726806640625,51.58518600463867,44.120254753501555,314,0.0,0.4936305732484076,0.6815286624203821,314
mpnn,2E89_B,18.184301376342773,56.53464126586914,42.65942673166846,314,0.0,0.4777070063694267,0.6528662420382165,314
baseline,2EC9_T,2.8728322982788086,65.66959381103516,61.666799774169924,75,0.0,1.0,1.0,75
carbonara_maxseqid,2EC9_T,3.718322515487671,66.69316864013672,76.48200002034505,75,0.0,0.48,0.6533333333333333,75
esm,2EC9_T,3.5808799266815186,64.45657348632812,68.10640009562175,75,0.0,0.4133333333333333,0.5466666666666666,75
mpnn,2EC9_T,1.6448075771331787,83.69452667236328,78.80439971923828,75,0.0,0.4133333333333333,0.56,75
baseline,2EC9_U,14.476703643798828,40.99087905883789,32.86999991844441,116,0.0,1.0,1.0,116
carbonara_maxseqid,2EC9_U,15.691302299499512,51.39148712158203,50.64482780982708,116,0.0,0.4482758620689655,0.6293103448275862,116
esm,2EC9_U,16.60453224182129,48.070369720458984,33.88336203016084,116,0.0,0.396551724137931,0.5689655172413793,116
mpnn,2EC9_U,3.099453926086426,76.31301879882812,73.30155162153572,116,0.0,0.4482758620689655,0.5689655172413793,116
baseline,2EGE_A,5.7172017097473145,62.31120300292969,52.31466677347819,75,0.4647,1.0,1.0,75
carbonara_maxseqid,2EGE_A,4.900771141052246,66.23765563964844,72.98826665242512,75,0.675,0.5066666666666667,0.68,75
esm,2EGE_A,6.096570014953613,53.343605041503906,51.8589333597819,75,0.4712,0.5066666666666667,0.6933333333333334,75
mpnn,2EGE_A,4.333427429199219,75.08647155761719,82.32079996744791,75,0.7747,0.3733333333333333,0.6133333333333333,75
baseline,2GBQ_A,15.724655151367188,53.338741302490234,46.002807081791396,57,0.1649,1.0,1.0,57
carbonara_maxseqid,2GBQ_A,2.1981494426727295,77.52295684814453,79.71438605325264,57,0.7908,0.4561403508771929,0.6491228070175439,57
esm,2GBQ_A,0.9727344512939453,88.35370635986328,89.02561401902584,57,0.9033,0.4035087719298245,0.7543859649122807,57
mpnn,2GBQ_A,1.3183836936950684,86.76097869873047,86.4929826970686,57,0.8664,0.4210526315789473,0.7543859649122807,57
baseline,2JQ8_A,8.933432579040527,46.4182243347168,50.602553022668715,47,0.2347,1.0,1.0,47
carbonara_maxseqid,2JQ8_A,9.423352241516113,47.23745346069336,60.40914884526679,47,0.2074,0.4042553191489361,0.5319148936170213,47
esm,2JQ8_A,10.811433792114258,46.386260986328125,56.9685107292013,47,0.2627,0.3829787234042553,0.4893617021276595,47
mpnn,2JQ8_A,7.893995761871338,41.477989196777344,67.87297861626807,47,0.2482,0.2765957446808511,0.5319148936170213,47
baseline,2JW4_A,24.914060592651367,39.42779541015625,50.32930538389418,72,0.1314,1.0,1.0,72
carbonara_maxseqid,2JW4_A,4.292975425720215,74.26119995117188,79.50027783711751,72,0.6883,0.3333333333333333,0.5138888888888888,72
esm,2JW4_A,14.131277084350586,49.68585205078125,55.984583377838135,72,0.2894,0.375,0.5972222222222222,72
mpnn,2JW4_A,13.494495391845703,45.45133972167969,56.777083237965904,72,0.2955,0.3055555555555556,0.4444444444444444,72
baseline,2KKJ_A,5.74860143661499,61.49196243286133,67.3916952488786,59,0.3875,1.0,1.0,59
carbonara_maxseqid,2KKJ_A,6.323329925537109,69.45397186279297,69.19559323585639,59,0.5156,0.2711864406779661,0.4745762711864407,59
esm,2KKJ_A,7.229395866394043,59.09686279296875,73.69745784694865,59,0.4063,0.2542372881355932,0.4067796610169492,59
mpnn,2KKJ_A,7.253875255584717,69.39149475097656,67.73152587373377,59,0.4284,0.1525423728813559,0.3559322033898305,59
baseline,2L14_A,7.125763893127441,57.48487854003906,67.3916952488786,59,0.3969,1.0,1.0,59
carbonara_maxseqid,2L14_A,4.9104533195495605,57.133201599121094,71.62881379208322,59,0.525,0.3389830508474576,0.4576271186440678,59
esm,2L14_A,5.50806999206543,69.12028503417969,69.34389877319336,59,0.5389,0.3559322033898305,0.5423728813559322,59
mpnn,2L14_A,4.897866725921631,55.40629577636719,73.6996604143563,59,0.5515,0.2033898305084746,0.3559322033898305,59
baseline,2O88_A,11.479991912841797,45.110679626464844,47.39982772695607,58,0.2317,1.0,1.0,58
carbonara_maxseqid,2O88_A,2.2962169647216797,74.10981750488281,60.85637908146299,58,0.6924,0.6551724137931034,0.7758620689655172,58
esm,2O88_A,11.546789169311523,48.75080871582031,49.66913788894127,58,0.3215,0.603448275862069,0.7241379310344828,58
mpnn,2O88_A,1.0095694065093994,91.17150115966797,80.45362064756196,58,0.9176,0.5,0.6379310344827587,58
baseline,2SNI_I,9.117802619934082,55.21132278442383,50.004374980926514,64,0.0,1.0,1.0,64
carbonara_maxseqid,2SNI_I,3.561972141265869,79.85749053955078,77.3656250834465,64,0.0,0.640625,0.75,64
esm,2SNI_I,3.597841262817383,79.3169937133789,79.56703090667725,64,0.0,0.609375,0.78125,64
mpnn,2SNI_I,3.8046717643737793,81.20453643798828,78.9517189860344,64,0.0,0.609375,0.734375,64
baseline,2ZJS_Y,19.691476821899414,51.271724700927734,40.297132565601764,415,0.2753,1.0,1.0,415
carbonara_maxseqid,2ZJS_Y,25.743547439575195,56.23426055908203,41.50734943711614,415,0.2272,0.5204819277108433,0.691566265060241,415
esm,2ZJS_Y,21.020437240600586,53.219268798828125,40.524361428869774,415,0.2847,0.4674698795180723,0.619277108433735,415
mpnn,2ZJS_Y,26.095335006713867,50.225563049316406,46.435638561018976,415,0.2444,0.4,0.5590361445783133,415
baseline,3E18_A,19.408050537109375,44.83208465576172,38.51428162914583,348,0.3143,1.0,1.0,348
carbonara_maxseqid,3E18_A,18.915132522583008,49.68019104003906,46.90367817604679,348,0.311,0.5488505747126436,0.7040229885057471,348
esm,3E18_A,17.89832305908203,52.65465545654297,41.25833337060337,348,0.3173,0.5747126436781609,0.7183908045977011,348
mpnn,3E18_A,17.13473129272461,54.950477600097656,51.84209778665126,348,0.376,0.4971264367816091,0.6781609195402298,348
baseline,3E18_B,23.121843338012695,45.15592956542969,36.12362023418664,337,0.0,1.0,1.0,337
carbonara_maxseqid,3E18_B,21.099334716796875,47.84783172607422,45.592759723833126,337,0.0,0.5816023738872403,0.7210682492581603,337
esm,3E18_B,16.528406143188477,49.67490768432617,36.913412518600325,337,0.0,0.5845697329376854,0.7329376854599406,337
mpnn,3E18_B,19.26309585571289,56.98160934448242,45.88777457783413,337,0.0,0.5074183976261127,0.6824925816023739,337
baseline,3EG0_A,10.476277351379395,46.07097625732422,50.6841071673802,56,0.2433,1.0,1.0,56
carbonara_maxseqid,3EG0_A,9.793036460876465,48.76605224609375,58.69428532464163,56,0.2414,0.5535714285714286,0.75,56
esm,3EG0_A,2.1991357803344727,75.63175201416016,78.96375008991787,56,0.7196,0.5357142857142857,0.6964285714285714,56
mpnn,3EG0_A,8.617538452148438,62.39242172241211,68.00392872946603,56,0.5827,0.4642857142857143,0.6071428571428571,56
baseline,3EG1_A,11.047940254211426,45.45828628540039,51.7463791945885,58,0.2363,1.0,1.0,58
carbonara_maxseqid,3EG1_A,2.2360622882843018,81.82263946533203,85.78448282439133,58,0.7913,0.6551724137931034,0.8275862068965517,58
esm,3EG1_A,2.2820076942443848,80.89308166503906,91.08379350859543,58,0.8102,0.5172413793103449,0.7241379310344828,58
mpnn,3EG1_A,12.377742767333984,56.248497009277344,48.33051727558004,58,0.2308,0.5689655172413793,0.7241379310344828,58
baseline,3EG1_B,10.489733695983887,46.0744743347168,51.964107036590576,56,0.0,1.0,1.0,56
carbonara_maxseqid,3EG1_B,2.6875267028808594,61.70486831665039,66.29749986103603,56,0.0,0.6428571428571429,0.75,56
esm,3EG1_B,2.0678181648254395,83.85084533691406,88.87214251926967,56,0.0,0.5357142857142857,0.6964285714285714,56
mpnn,3EG1_B,1.7782047986984253,77.83894348144531,74.25892850330898,56,0.0,0.5357142857142857,0.6607142857142857,56
baseline,3EG2_A,10.605316162109375,46.936553955078125,47.32809520903088,63,0.2348,1.0,1.0,63
carbonara_maxseqid,3EG2_A,11.982697486877441,51.1378059387207,46.24253963288807,63,0.2272,0.5238095238095238,0.6984126984126984,63
esm,3EG2_A,4.2336883544921875,68.60181427001953,74.30968221028645,63,0.6899,0.5396825396825397,0.7142857142857143,63
mpnn,3EG2_A,3.9672164916992188,86.66983795166016,85.61888873387896,63,0.8781,0.4603174603174603,0.6031746031746031,63
baseline,3EG3_A,11.905350685119629,46.969139099121094,43.90873009817941,63,0.2306,1.0,1.0,63
carbonara_maxseqid,3EG3_A,11.515668869018555,51.34991455078125,39.638888888888886,63,0.2352,0.5396825396825397,0.7142857142857143,63
esm,3EG3_A,4.845835208892822,58.595157623291016,48.43888891310919,63,0.4429,0.492063492063492,0.6984126984126984,63
mpnn,3EG3_A,3.747664451599121,82.35167694091797,83.16968251788427,63,0.812,0.4761904761904761,0.6031746031746031,63
baseline,3EGU_A,11.171996116638184,44.51533508300781,46.91561404445715,57,0.2276,1.0,1.0,57
carbonara_maxseqid,3EGU_A,1.1965183019638062,88.97050476074219,89.74333371614155,57,0.9048,0.5614035087719298,0.7192982456140351,57
esm,3EGU_A,1.5853503942489624,82.94615173339844,82.3785963895028,57,0.8455,0.4912280701754385,0.7017543859649122,57
mpnn,3EGU_A,10.95439338684082,49.321563720703125,48.295087814331055,57,0.2436,0.4561403508771929,0.5614035087719298,57
baseline,3GBQ_A,15.755356788635254,52.80775451660156,46.002807081791396,57,0.1602,1.0,1.0,57
carbonara_maxseqid,3GBQ_A,1.035367727279663,90.9067611694336,88.9440354464347,57,0.9171,0.4210526315789473,0.7017543859649122,57
esm,3GBQ_A,2.7468888759613037,70.0494613647461,79.2812281156841,57,0.659,0.3508771929824561,0.6491228070175439,57
mpnn,3GBQ_A,2.7501869201660156,71.08667755126953,80.61842105263158,57,0.665,0.4912280701754385,0.7192982456140351,57
baseline,3N29_A,22.615310668945312,43.198516845703125,34.11560641080543,371,0.2849,1.0,1.0,371
carbonara_maxseqid,3N29_A,21.885183334350586,39.52327346801758,39.745202221317754,371,0.2962,0.490566037735849,0.7142857142857143,371
esm,3N29_A,20.673717498779297,36.46851348876953,36.18547166582709,371,0.2141,0.6253369272237197,0.7681940700808625,371
mpnn,3N29_A,20.25214385986328,53.57318878173828,45.28420483776823,371,0.4346,0.4932614555256064,0.6711590296495957,371
baseline,3N29_B,22.908151626586914,42.413673400878906,33.771607583485114,367,0.0,1.0,1.0,367
carbonara_maxseqid,3N29_B,25.13444709777832,43.61569595336914,33.97501369653021,367,0.0,0.5095367847411444,0.7220708446866485,367
esm,3N29_B,19.39971160888672,44.286991119384766,36.95223428377988,367,0.0,0.6103542234332425,0.776566757493188,367
mpnn,3N29_B,19.030895233154297,46.66967010498047,35.241798359301825,367,0.0,0.4986376021798365,0.6757493188010899,367
baseline,3SR3_A,20.69889259338379,49.04236602783203,30.321921901301938,333,0.3358,1.0,1.0,333
carbonara_maxseqid,3SR3_A,14.697004318237305,58.263301849365234,43.55516511040765,333,0.4541,0.5375375375375375,0.7327327327327328,333
esm,3SR3_A,18.612985610961914,52.879180908203125,39.70747751230234,333,0.3891,0.5975975975975976,0.7717717717717718,333
mpnn,3SR3_A,10.62887191772461,59.90113067626953,53.71612619279741,333,0.6594,0.5345345345345346,0.7057057057057057,333
baseline,3SR3_B,18.457544326782227,45.7031364440918,31.771019797576102,304,0.0,1.0,1.0,304
carbonara_maxseqid,3SR3_B,7.588703155517578,60.72273254394531,53.82855262254414,304,0.0,0.569078947368421,0.7302631578947368,304
esm,3SR3_B,13.231365203857422,51.4648551940918,38.21703952237179,304,0.0,0.5953947368421053,0.7796052631578947,304
mpnn,3SR3_B,13.978200912475586,54.485687255859375,46.45453951233312,304,0.0,0.5756578947368421,0.743421052631579,304
baseline,3T5M_A,19.173490524291992,49.86249923706055,31.309671612639924,335,0.3573,1.0,1.0,335
carbonara_maxseqid,3T5M_A,16.704999923706055,52.96957015991211,37.39343281646273,335,0.4728,0.5850746268656717,0.7880597014925373,335
esm,3T5M_A,15.448240280151367,56.28731155395508,43.66092532143664,335,0.4164,0.6029850746268657,0.7970149253731343,335
mpnn,3T5M_A,17.4505558013916,54.6801643371582,44.7674029791533,335,0.3853,0.5552238805970149,0.7343283582089553,335
baseline,3T5M_B,21.41791343688965,44.0092887878418,29.015105141533745,333,0.0,1.0,1.0,333
carbonara_maxseqid,3T5M_B,18.031932830810547,50.33428955078125,41.985495512907924,333,0.0,0.5795795795795796,0.7687687687687688,333
esm,3T5M_B,20.07431983947754,44.61964416503906,34.37300308617028,333,0.0,0.6366366366366366,0.8138138138138138,333
mpnn,3T5M_B,13.147825241088867,51.7276611328125,44.67306314073167,333,0.0,0.5765765765765766,0.7597597597597597,333
baseline,3TYX_A,15.20693302154541,50.024356842041016,31.670507482272477,335,0.4023,1.0,1.0,335
carbonara_maxseqid,3TYX_A,12.958747863769531,53.56293869018555,41.715373127496065,335,0.5089,0.5492537313432836,0.755223880597015,335
esm,3TYX_A,17.128334045410156,53.22564697265625,40.712089555654956,335,0.3386,0.5552238805970149,0.7492537313432835,335
mpnn,3TYX_A,19.190908432006836,48.903907775878906,36.46647770440401,335,0.346,0.5223880597014925,0.7074626865671642,335
baseline,3TYX_B,20.416906356811523,50.42924118041992,30.74753016736134,332,0.0,1.0,1.0,332
carbonara_maxseqid,3TYX_B,17.786949157714844,53.02646255493164,38.37301193949688,332,0.0,0.5240963855421686,0.7168674698795181,332
esm,3TYX_B,16.97125816345215,52.842445373535156,51.51219872968743,332,0.0,0.5843373493975904,0.7650602409638554,332
mpnn,3TYX_B,16.879709243774414,59.71746826171875,51.61858436860234,332,0.0,0.5391566265060241,0.7198795180722891,332
baseline,3U1B_A,15.87637996673584,49.38810729980469,31.618660677047004,336,0.3984,1.0,1.0,336
carbonara_maxseqid,3U1B_A,15.87045669555664,48.2514533996582,40.957946527571906,336,0.4195,0.5714285714285714,0.7440476190476191,336
esm,3U1B_A,17.87813377380371,53.82054901123047,44.36860124837784,336,0.4346,0.5922619047619048,0.7648809523809523,336
mpnn,3U1B_A,15.529233932495117,54.07244110107422,46.64223206610907,336,0.4474,0.5446428571428571,0.7083333333333334,336
baseline,3U1B_B,15.827728271484375,46.8598747253418,31.547507506591064,333,0.0,1.0,1.0,333
carbonara_maxseqid,3U1B_B,17.491655349731445,49.18159866333008,41.23270274210979,333,0.0,0.5555555555555556,0.7267267267267268,333
esm,3U1B_B,18.760969161987305,51.770591735839844,45.13393383197956,333,0.0,0.5915915915915916,0.7687687687687688,333
mpnn,3U1B_B,15.146842956542969,49.731014251708984,41.817026997471714,333,0.0,0.5525525525525525,0.7057057057057057,333
baseline,3VPZ_A,20.70553970336914,45.473628997802734,28.083540347792347,322,0.212,1.0,1.0,322
carbonara_maxseqid,3VPZ_A,15.010887145996094,48.3304557800293,33.08773287779056,322,0.3656,0.5496894409937888,0.7236024844720497,322
esm,3VPZ_A,18.26202964782715,50.236351013183594,34.5829813524803,322,0.3739,0.6149068322981367,0.7422360248447205,322
mpnn,3VPZ_A,18.404916763305664,38.66573715209961,41.53621119149724,322,0.2668,0.5217391304347826,0.6739130434782609,322
baseline,4CRP_A,14.132132530212402,33.50236511230469,37.634112010492345,107,0.2621,1.0,1.0,107
carbonara_maxseqid,4CRP_A,2.771268367767334,82.40302276611328,82.17476632661909,107,0.8447,0.3551401869158878,0.5233644859813084,107
esm,4CRP_A,6.667370319366455,50.310646057128906,46.11822456288561,107,0.5029,0.3457943925233644,0.4485981308411215,107
mpnn,4CRP_A,2.2254834175109863,85.41937255859375,81.8315887094658,107,0.8888,0.308411214953271,0.4766355140186916,107
baseline,4GBQ_A,15.747862815856934,52.08847427368164,46.002807081791396,57,0.1603,1.0,1.0,57
carbonara_maxseqid,4GBQ_A,1.182409644126892,86.3935317993164,88.43035058807908,57,0.8932,0.4035087719298245,0.6842105263157895,57
esm,4GBQ_A,4.063961029052734,59.464595794677734,70.03210516143264,57,0.4571,0.3508771929824561,0.6491228070175439,57
mpnn,4GBQ_A,1.6473143100738525,84.58232116699219,86.76701743142647,57,0.8429,0.3684210526315789,0.6842105263157895,57
baseline,4INJ_A,21.868288040161133,50.8732795715332,30.48475460918403,326,0.2658,1.0,1.0,326
carbonara_maxseqid,4INJ_A,18.52083396911621,44.96549606323242,36.51266872078363,326,0.3054,0.5828220858895705,0.7515337423312883,326
esm,4INJ_A,13.016439437866211,52.12641906738281,42.607852812924996,326,0.3737,0.5613496932515337,0.7699386503067485,326
mpnn,4INJ_A,11.465344429016113,56.629150390625,49.80463192945609,326,0.4621,0.5184049079754601,0.696319018404908,326
baseline,4INJ_B,21.876638412475586,50.590633392333984,30.48475460918403,326,0.0,1.0,1.0,326
carbonara_maxseqid,4INJ_B,21.174232482910156,42.79474639892578,32.32947848618396,326,0.0,0.5429447852760736,0.7423312883435583,326
esm,4INJ_B,15.817435264587402,49.860469818115234,40.62325144691701,326,0.0,0.5552147239263804,0.7361963190184049,326
mpnn,4INJ_B,14.40575885772705,52.63158416748047,45.656595159893385,326,0.0,0.5030674846625767,0.7024539877300614,326
baseline,4J9B_A,10.883934020996094,44.81403732299805,52.44827612515154,58,0.2468,1.0,1.0,58
carbonara_maxseqid,4J9B_A,10.345370292663574,51.5941047668457,56.437930896364406,58,0.2216,0.5862068965517241,0.7586206896551724,58
esm,4J9B_A,4.713445663452148,56.3422737121582,63.00413835459742,58,0.4376,0.5172413793103449,0.6896551724137931,58
mpnn,4J9B_A,0.8725617527961731,94.76869201660156,93.9929309055723,58,0.947,0.4137931034482758,0.603448275862069,58
baseline,4J9C_A,10.93140697479248,45.243778228759766,52.44827612515154,58,0.2381,1.0,1.0,58
carbonara_maxseqid,4J9C_A,1.487720012664795,87.85504150390625,88.26620720172751,58,0.8709,0.6379310344827587,0.8103448275862069,58
esm,4J9C_A,1.952582597732544,77.38037109375,71.40310366400357,58,0.7389,0.6206896551724138,0.7758620689655172,58
mpnn,4J9C_A,2.3980538845062256,73.32872772216797,66.46879314554148,58,0.7149,0.5,0.6206896551724138,58
baseline,4J9D_A,10.187321662902832,45.918190002441406,55.04982137680054,56,0.255,1.0,1.0,56
carbonara_maxseqid,4J9D_A,0.4329753816127777,97.88774871826172,95.55642850058419,56,0.9735,0.5535714285714286,0.75,56
esm,4J9D_A,2.1649322509765625,76.24919891357422,72.27303579875401,56,0.721,0.6071428571428571,0.8214285714285714,56
mpnn,4J9D_A,1.1770954132080078,90.4841537475586,91.8335712977818,56,0.89,0.4285714285714285,0.5714285714285714,56
baseline,4J9E_A,10.17398452758789,45.984275817871094,55.04982137680054,56,0.2548,1.0,1.0,56
carbonara_maxseqid,4J9E_A,0.5384522080421448,96.87566375732422,92.04142911093575,56,0.96,0.6071428571428571,0.8214285714285714,56
esm,4J9E_A,1.2645719051361084,88.92842864990234,91.5066066469465,56,0.8807,0.625,0.7857142857142857,56
mpnn,4J9E_A,1.4664015769958496,87.52718353271484,90.76160737446376,56,0.8638,0.4642857142857143,0.6607142857142857,56
baseline,4J9F_A,10.651497840881348,45.183013916015625,47.122419265008745,62,0.2231,1.0,1.0,62
carbonara_maxseqid,4J9F_A,10.31655502319336,50.73043441772461,57.10322570800781,62,0.2092,0.5967741935483871,0.7419354838709677,62
esm,4J9F_A,3.17122745513916,79.66593170166016,84.57096764349168,62,0.7825,0.5645161290322581,0.7258064516129032,62
mpnn,4J9F_A,3.1980555057525635,72.77177429199219,59.42225776180144,62,0.6256,0.4354838709677419,0.5806451612903226,62
baseline,4J9G_A,11.055802345275879,45.29513931274414,50.500000131541285,58,0.2374,1.0,1.0,58
carbonara_maxseqid,4J9G_A,1.9944688081741333,83.21012115478516,88.25068993403994,58,0.823,0.5517241379310345,0.7413793103448276,58
esm,4J9G_A,1.3947426080703735,88.0477523803711,92.01224136352539,58,0.8813,0.5862068965517241,0.7931034482758621,58
mpnn,4J9G_A,1.5245262384414673,87.3406753540039,89.29620690181338,58,0.8687,0.4827586206896552,0.6206896551724138,58
baseline,4J9H_A,10.792800903320312,44.731258392333984,48.73525402909618,59,0.2331,1.0,1.0,59
carbonara_maxseqid,4J9H_A,1.9429750442504883,81.45614624023438,84.7764403133069,59,0.8282,0.6101694915254238,0.7627118644067796,59
esm,4J9H_A,2.01373291015625,83.5448989868164,92.73169527215472,59,0.8554,0.6271186440677966,0.7796610169491526,59
mpnn,4J9H_A,2.4999284744262695,73.78771209716797,70.05067780058263,59,0.7089,0.5084745762711864,0.6949152542372882,59
baseline,4J9I_A,11.048402786254883,47.95980453491211,50.27982146399362,56,0.2444,1.0,1.0,56
carbonara_maxseqid,4J9I_A,1.6704692840576172,80.8573989868164,70.55053588322231,56,0.8079,0.5535714285714286,0.7142857142857143,56
esm,4J9I_A,1.4936590194702148,84.61151885986328,84.28053528921944,56,0.851,0.5714285714285714,0.8035714285714286,56
mpnn,4J9I_A,1.6274901628494263,86.09007263183594,89.2573219026838,56,0.8616,0.4642857142857143,0.6428571428571429,56
baseline,4JJB_A,10.930597305297852,45.90627670288086,50.855263224819254,57,0.2417,1.0,1.0,57
carbonara_maxseqid,4JJB_A,1.3034075498580933,89.24095153808594,90.19631583230537,57,0.8769,0.5614035087719298,0.7368421052631579,57
esm,4JJB_A,1.3396154642105103,86.79796600341797,88.83280690511067,57,0.8552,0.5263157894736842,0.7192982456140351,57
mpnn,4JJB_A,8.945368766784668,65.53389739990234,63.82578913370768,57,0.5791,0.4385964912280701,0.5964912280701754,57
baseline,4JJC_A,11.072514533996582,46.0890007019043,51.44568979329076,58,0.2395,1.0,1.0,58
carbonara_maxseqid,4JJC_A,11.123163223266602,49.35344696044922,52.2660348497588,58,0.2447,0.5689655172413793,0.7241379310344828,58
esm,4JJC_A,12.254551887512207,66.32557678222656,61.256723995866444,58,0.5513,0.5344827586206896,0.6724137931034483,58
mpnn,4JJC_A,2.0579640865325928,76.29077911376953,72.27706902602623,58,0.7191,0.5689655172413793,0.7241379310344828,58
baseline,4JJD_A,9.343143463134766,47.06354522705078,47.71796611203985,59,0.1925,1.0,1.0,59
carbonara_maxseqid,4JJD_A,12.190261840820312,54.40278244018555,51.47288131713867,59,0.2462,0.4915254237288136,0.711864406779661,59
esm,4JJD_A,1.2991878986358643,90.51602935791016,85.34067748764814,59,0.9092,0.4576271186440678,0.6610169491525424,59
mpnn,4JJD_A,11.529790878295898,39.845802307128906,62.14050855474957,59,0.1999,0.5084745762711864,0.711864406779661,59
baseline,4JVO_A,16.44769859313965,52.731754302978516,31.1165177992412,336,0.3952,1.0,1.0,336
carbonara_maxseqid,4JVO_A,17.442384719848633,53.92900848388672,42.17041658219837,336,0.4416,0.5654761904761905,0.75,336
esm,4JVO_A,18.488975524902344,53.2613410949707,40.48672623861404,336,0.4058,0.6309523809523809,0.8005952380952381,336
mpnn,4JVO_A,18.375900268554688,52.24909973144531,44.32104172025408,336,0.3663,0.5297619047619048,0.7142857142857143,336
baseline,4JVO_B,21.08371925354004,41.91482162475586,29.353253019861427,332,0.0,1.0,1.0,332
carbonara_maxseqid,4JVO_B,16.783401489257812,48.936458587646484,38.0703011650637,332,0.0,0.5512048192771084,0.7289156626506024,332
esm,4JVO_B,21.465648651123047,46.058937072753906,37.72527108709496,332,0.0,0.6325301204819277,0.8132530120481928,332
mpnn,4JVO_B,18.877872467041016,47.59685134887695,45.608102321624756,332,0.0,0.5632530120481928,0.7349397590361446,332
baseline,4KI5_M,15.461811065673828,32.01416778564453,35.32110392582881,154,0.0,1.0,1.0,154
carbonara_maxseqid,4KI5_M,18.04928207397461,41.267948150634766,30.39818189051244,154,0.0,0.5324675324675324,0.7077922077922078,154
esm,4KI5_M,18.07526397705078,35.06528854370117,30.78428569397369,154,0.0,0.5909090909090909,0.7272727272727273,154
mpnn,4KI5_M,11.351494789123535,43.73125457763672,51.87214285367495,154,0.0,0.525974025974026,0.6493506493506493,154
baseline,4MJX_A,22.016504287719727,40.320438385009766,29.324624585675764,333,0.2194,1.0,1.0,333
carbonara_maxseqid,4MJX_A,17.857275009155273,46.67290115356445,38.97618617954197,333,0.3768,0.5615615615615616,0.7537537537537538,333
esm,4MJX_A,19.155981063842773,49.51220703125,37.70735725196632,333,0.3766,0.6216216216216216,0.7867867867867868,333
mpnn,4MJX_A,15.508780479431152,51.10896301269531,42.38897900395207,333,0.5048,0.5465465465465466,0.7267267267267268,333
baseline,4MJX_B,16.44856071472168,52.8153076171875,31.1165177992412,336,0.0089,1.0,1.0,336
carbonara_maxseqid,4MJX_B,16.671064376831055,60.38163757324219,45.74184517633347,336,0.0089,0.5625,0.7619047619047619,336
esm,4MJX_B,12.169393539428711,60.59569549560547,55.21666653383346,336,0.0089,0.5892857142857143,0.7648809523809523,336
mpnn,4MJX_B,12.98538589477539,57.74542999267578,48.46994053182148,336,0.0089,0.5565476190476191,0.7380952380952381,336
baseline,4MO3_M,16.430015563964844,34.49563980102539,29.97589745888343,156,0.1931,1.0,1.0,156
carbonara_maxseqid,4MO3_M,14.694402694702148,33.777957916259766,37.549166642702545,156,0.2362,0.5128205128205128,0.6730769230769231,156
esm,4MO3_M,14.151402473449707,35.38643264770508,37.13653824879573,156,0.2875,0.6025641025641025,0.7371794871794872,156
mpnn,4MO3_M,13.599958419799805,41.11273193359375,29.529551200377636,156,0.2371,0.5128205128205128,0.6923076923076923,156
baseline,4XL5_C,0.6004384160041809,98.4886703491211,95.75359166982223,245,0.0468,1.0,1.0,245
carbonara_maxseqid,4XL5_C,0.9331368803977966,97.64995574951172,95.93591834866271,245,0.0464,0.6693877551020408,0.7918367346938775,245
esm,4XL5_C,5.940319538116455,96.18843078613281,94.73595898686624,245,0.0533,0.726530612244898,0.8326530612244898,245
mpnn,4XL5_C,0.5493112802505493,98.11203002929688,92.31832630391024,245,0.0467,0.6979591836734694,0.7959183673469388,245
baseline,5AWW_G,6.4628777503967285,65.53324127197266,65.33240005493164,75,0.0,1.0,1.0,75
carbonara_maxseqid,5AWW_G,5.052994728088379,82.62654876708984,79.06719991048178,75,0.0,0.2933333333333333,0.4266666666666667,75
esm,5AWW_G,4.787678241729736,69.0122299194336,72.12906651814778,75,0.0,0.4266666666666667,0.6266666666666667,75
mpnn,5AWW_G,3.12644100189209,79.31620025634766,73.06720062255859,75,0.0,0.2,0.2666666666666666,75
baseline,5AWW_Y,17.091732025146484,52.51082229614258,40.733160306822576,424,0.2997,1.0,1.0,424
carbonara_maxseqid,5AWW_Y,28.8496150970459,55.19297409057617,47.093608419850185,424,0.2984,0.5400943396226415,0.7240566037735849,424
esm,5AWW_Y,20.353309631347656,55.47037887573242,42.78235850694045,424,0.2442,0.5188679245283019,0.6910377358490566,424
mpnn,5AWW_Y,29.026687622070312,57.62874984741211,51.165471729242576,424,0.292,0.4339622641509434,0.6084905660377359,424
baseline,5CH4_G,6.604111671447754,67.63306427001953,66.25000030929978,74,0.0,1.0,1.0,74
carbonara_maxseqid,5CH4_G,9.705466270446777,84.71922302246094,75.93297288224504,74,0.0,0.3783783783783784,0.4864864864864865,74
esm,5CH4_G,6.177469253540039,76.60005950927734,83.11405413859599,74,0.0,0.3378378378378378,0.4459459459459459,74
mpnn,5CH4_G,8.078278541564941,54.574615478515625,83.37864813933501,74,0.0,0.1621621621621621,0.2297297297297297,74
baseline,5CH4_Y,19.443500518798828,51.115196228027344,40.014821825004816,421,0.2791,1.0,1.0,421
carbonara_maxseqid,5CH4_Y,30.788578033447266,54.121826171875,42.398360979528725,421,0.2298,0.4845605700712589,0.669833729216152,421
esm,5CH4_Y,16.432395935058594,54.419464111328125,43.58679338305693,421,0.313,0.4275534441805225,0.5938242280285035,421
mpnn,5CH4_Y,28.12434196472168,56.33845138549805,46.001757787129094,421,0.2145,0.3966745843230403,0.5653206650831354,421
baseline,5EUL_Y,25.81044578552246,56.439083099365234,41.793421127921654,380,0.0,1.0,1.0,380
carbonara_maxseqid,5EUL_Y,29.652421951293945,54.46326446533203,48.166526282461064,380,0.0,0.4131578947368421,0.6105263157894737,380
esm,5EUL_Y,26.267013549804688,48.83086395263672,46.85068420108996,380,0.0,0.2789473684210526,0.4684210526315789,380
mpnn,5EUL_Y,31.25171661376953,56.91998291015625,43.45936843470523,380,0.0,0.2578947368421053,0.4421052631578947,380
baseline,5IEB_A,13.978370666503906,41.44010543823242,44.129745677366095,118,0.3976,1.0,1.0,118
carbonara_maxseqid,5IEB_A,2.839462995529175,63.051883697509766,75.83542371200303,118,0.7624,0.3559322033898305,0.5254237288135594,118
esm,5IEB_A,2.3465523719787598,74.60189056396484,82.89271209199549,118,0.8573,0.5338983050847458,0.6440677966101694,118
mpnn,5IEB_A,1.8436864614486694,81.37972259521484,84.34983043347376,118,0.8989,0.3813559322033898,0.5169491525423728,118
baseline,5IEJ_A,13.954371452331543,40.61751174926758,44.129745677366095,118,0.3953,1.0,1.0,118
carbonara_maxseqid,5IEJ_A,4.9959330558776855,61.890289306640625,63.21059340137546,118,0.5454,0.4491525423728814,0.635593220338983,118
esm,5IEJ_A,10.49609375,44.51289749145508,52.19703386597714,118,0.4458,0.5338983050847458,0.7033898305084746,118
mpnn,5IEJ_A,2.576798677444458,72.24635314941406,80.27474584417828,118,0.816,0.2711864406779661,0.5423728813559322,118
baseline,5LV6_A,3.7090554237365723,74.97561645507812,76.29227248105136,44,0.6162,1.0,1.0,44
carbonara_maxseqid,5LV6_A,4.760551929473877,79.84153747558594,81.5159089348533,44,0.5786,0.3409090909090909,0.6136363636363636,44
esm,5LV6_A,5.683536052703857,72.58224487304688,82.46863599257036,44,0.5475,0.4090909090909091,0.5909090909090909,44
mpnn,5LV6_A,5.330345630645752,73.50509643554688,87.37250015952371,44,0.5249,0.2954545454545454,0.4318181818181818,44
baseline,5LV6_B,3.7135305404663086,75.24929809570312,76.29227248105136,44,0.0,1.0,1.0,44
carbonara_maxseqid,5LV6_B,4.916749954223633,79.10639190673828,83.1025000485507,44,0.0,0.3863636363636363,0.6363636363636364,44
esm,5LV6_B,5.707566738128662,72.76665496826172,82.46863599257036,44,0.0,0.4090909090909091,0.5909090909090909,44
mpnn,5LV6_B,5.6912617683410645,71.265869140625,88.53250009363347,44,0.0,0.2272727272727272,0.4318181818181818,44
baseline,5NP3_A,12.47453784942627,48.42010498046875,51.95982461226614,57,0.2335,1.0,1.0,57
carbonara_maxseqid,5NP3_A,0.8044123649597168,92.65532684326172,85.90596490157277,57,0.9294,0.5263157894736842,0.8245614035087719,57
esm,5NP3_A,1.8833194971084595,84.85942840576172,92.8868417572557,57,0.8473,0.5087719298245614,0.7368421052631579,57
mpnn,5NP3_A,1.6574864387512207,80.2026596069336,74.9047363013552,57,0.7613,0.4736842105263157,0.6491228070175439,57
baseline,5O2M_A,17.011383056640625,40.15281295776367,35.95259259070879,81,0.1592,1.0,1.0,81
carbonara_maxseqid,5O2M_A,12.495418548583984,34.866607666015625,40.853086400915075,81,0.2129,0.3703703703703703,0.5555555555555556,81
esm,5O2M_A,16.150239944458008,47.95869445800781,42.78481474040467,81,0.2039,0.3703703703703703,0.6666666666666666,81
mpnn,5O2M_A,12.216955184936523,35.7011604309082,40.782716162410786,81,0.2658,0.345679012345679,0.5679012345679012,81
baseline,5OAZ_A,10.557912826538086,45.49020767211914,48.73525402909618,59,0.2413,1.0,1.0,59
carbonara_maxseqid,5OAZ_A,10.9564208984375,46.67090606689453,57.156610068628346,59,0.2063,0.6101694915254238,0.7627118644067796,59
esm,5OAZ_A,1.3234223127365112,83.81727600097656,81.83762689364158,59,0.8577,0.559322033898305,0.7288135593220338,59
mpnn,5OAZ_A,10.839472770690918,66.04369354248047,67.47440700207727,59,0.6098,0.5254237288135594,0.6779661016949152,59
baseline,6A5I_A,14.226690292358398,46.90302276611328,42.89582104469413,67,0.1942,1.0,1.0,67
carbonara_maxseqid,6A5I_A,10.300687789916992,45.84380340576172,52.72328388157175,67,0.2366,0.4029850746268656,0.5522388059701493,67
esm,6A5I_A,11.966243743896484,49.38908004760742,43.51955237317441,67,0.1822,0.4925373134328358,0.6417910447761194,67
mpnn,6A5I_A,11.635523796081543,44.898109436035156,57.54656686355818,67,0.182,0.373134328358209,0.5522388059701493,67
baseline,6AEX_U,16.185863494873047,34.91691970825195,28.30042426369407,165,0.2163,1.0,1.0,165
carbonara_maxseqid,6AEX_U,10.227754592895508,40.64289474487305,39.9166667360248,165,0.2892,0.5757575757575758,0.6848484848484848,165
esm,6AEX_U,15.236908912658691,40.163238525390625,34.53412113767682,165,0.3062,0.6121212121212121,0.7272727272727273,165
mpnn,6AEX_U,13.336322784423828,44.110877990722656,46.3789697936087,165,0.3791,0.4666666666666667,0.5757575757575758,165
baseline,6CWY_D,27.987709045410156,40.67900466918945,29.391170423378444,487,0.0737,1.0,1.0,487
carbonara_maxseqid,6CWY_D,25.729522705078125,41.57378387451172,32.163860352377135,487,0.0812,0.5359342915811088,0.7207392197125256,487
esm,6CWY_D,26.80426025390625,43.02833938598633,32.66940451353727,487,0.0795,0.5195071868583162,0.6858316221765913,487
mpnn,6CWY_D,20.689311981201172,47.535953521728516,33.69205337775072,487,0.1016,0.4435318275154004,0.6303901437371663,487
baseline,6FGN_A,14.162290573120117,44.18290710449219,47.1119354924848,124,0.3956,1.0,1.0,124
carbonara_maxseqid,6FGN_A,9.203575134277344,58.96586608886719,46.10596779854067,124,0.4627,0.2580645161290322,0.4677419354838709,124
esm,6FGN_A,17.424789428710938,67.0400161743164,59.773790236442316,124,0.2333,0.2016129032258064,0.4596774193548387,124
mpnn,6FGN_A,14.633182525634766,43.93250274658203,44.348871046496974,124,0.2938,0.1854838709677419,0.4435483870967742,124
baseline,6FGS_A,15.713034629821777,48.40333938598633,38.92253843454214,130,0.3106,1.0,1.0,130
carbonara_maxseqid,6FGS_A,15.058599472045898,46.1710090637207,45.72076919262226,130,0.3012,0.3769230769230769,0.5384615384615384,130
esm,6FGS_A,13.342891693115234,47.21747970581055,54.5089231637808,130,0.2968,0.3538461538461538,0.5307692307692308,130
mpnn,6FGS_A,15.758661270141602,47.233985900878906,50.88999994718112,130,0.3337,0.3153846153846154,0.4461538461538462,130
baseline,6FIC_T,18.4431095123291,58.22035217285156,36.386163283367544,245,0.2421,1.0,1.0,245
carbonara_maxseqid,6FIC_T,26.241146087646484,63.396400451660156,45.86632646833147,245,0.2789,0.5183673469387755,0.6938775510204082,245
esm,6FIC_T,16.7027645111084,68.03640747070312,54.69506121265645,245,0.3177,0.5918367346938775,0.7714285714285715,245
mpnn,6FIC_T,3.899214029312134,85.0020751953125,84.97383665746572,245,0.8,0.4285714285714285,0.5836734693877551,245
baseline,6GQ9_A,11.486226081848145,38.247894287109375,43.805341720581055,161,0.3487,1.0,1.0,161
carbonara_maxseqid,6GQ9_A,4.240530490875244,61.204833984375,63.91770183966027,161,0.6678,0.2919254658385093,0.4596273291925465,161
esm,6GQ9_A,5.756827354431152,55.30229187011719,61.55882004921481,161,0.5917,0.2732919254658385,0.4782608695652174,161
mpnn,6GQ9_A,4.483076095581055,63.21976852416992,52.82968942867303,161,0.6933,0.2298136645962732,0.4161490683229814,161
baseline,6H8C_A,15.106546401977539,38.01972961425781,41.98077591534319,116,0.2587,1.0,1.0,116
carbonara_maxseqid,6H8C_A,5.5015130043029785,76.68567657470703,72.72344840806106,116,0.8057,0.3189655172413793,0.5517241379310345,116
esm,6H8C_A,4.431990146636963,70.46794128417969,66.92094806144978,116,0.7417,0.2844827586206896,0.5258620689655172,116
mpnn,6H8C_A,3.6725757122039795,68.75664520263672,68.76672415897764,116,0.7384,0.2672413793103448,0.4655172413793103,116
baseline,6ITC_Y,19.64499855041504,49.78787612915039,38.83769038064139,420,0.0,1.0,1.0,420
carbonara_maxseqid,6ITC_Y,23.910329818725586,48.2921028137207,43.30383333478655,420,0.0,0.4357142857142857,0.6261904761904762,420
esm,6ITC_Y,28.90328025817871,55.857398986816406,45.42626192002069,420,0.0,0.3785714285714285,0.5880952380952381,420
mpnn,6ITC_Y,30.405221939086914,63.01791763305664,51.536737968808126,420,0.0,0.35,0.5452380952380952,420
baseline,6KBR_C,11.36258602142334,42.45458221435547,38.882545471191406,55,0.0,1.0,1.0,55
carbonara_maxseqid,6KBR_C,10.59200668334961,46.03970718383789,42.61781806945801,55,0.0,0.509090909090909,0.6363636363636364,55
esm,6KBR_C,6.134520053863525,56.97263717651367,45.03709113381126,55,0.0,0.4909090909090909,0.6,55
mpnn,6KBR_C,6.435973644256592,70.98715209960938,74.31763638583097,55,0.0,0.4727272727272727,0.5636363636363636,55
baseline,6P6B_A,9.80129623413086,55.16295623779297,51.151444583468965,90,0.3609,1.0,1.0,90
carbonara_maxseqid,6P6B_A,8.023737907409668,58.25692367553711,53.24288904401991,90,0.4237,0.2666666666666666,0.5,90
esm,6P6B_A,1.4709758758544922,86.95689392089844,87.39833323160808,90,0.9107,0.4,0.5444444444444444,90
mpnn,6P6B_A,9.754738807678223,48.324241638183594,71.00155537923177,90,0.3849,0.3222222222222222,0.5333333333333333,90
baseline,6PNW_A,9.865111351013184,49.64652633666992,49.53693568321966,62,0.2389,1.0,1.0,62
carbonara_maxseqid,6PNW_A,4.507692813873291,56.17012405395508,72.22322574738533,62,0.4116,0.5,0.7096774193548387,62
esm,6PNW_A,8.420536994934082,53.2340202331543,52.50354834525816,62,0.2638,0.5645161290322581,0.7903225806451613,62
mpnn,6PNW_A,5.7525315284729,53.38407897949219,65.16370982508505,62,0.3909,0.4677419354838709,0.6451612903225806,62
baseline,6PNW_B,9.74109172821045,49.500953674316406,49.53693568321966,62,0.0,1.0,1.0,62
carbonara_maxseqid,6PNW_B,9.935683250427246,47.96474075317383,64.52951628162015,62,0.0,0.4677419354838709,0.7096774193548387,62
esm,6PNW_B,8.943188667297363,45.32426452636719,50.13790327502835,62,0.0,0.5161290322580645,0.6612903225806451,62
mpnn,6PNW_B,11.019302368164062,60.98828887939453,55.06790324180357,62,0.0,0.4677419354838709,0.6612903225806451,62
baseline,6R3C_A,6.131505012512207,55.64141845703125,42.035283022706615,159,0.6114,1.0,1.0,159
carbonara_maxseqid,6R3C_A,4.035445690155029,60.53900146484375,58.47704394358509,159,0.7052,0.2830188679245283,0.4842767295597484,159
esm,6R3C_A,11.48437786102295,51.078819274902344,51.80698111672071,159,0.5381,0.3144654088050314,0.4779874213836478,159
mpnn,6R3C_A,2.0494375228881836,82.95004272460938,76.77050332603214,159,0.8983,0.2830188679245283,0.4716981132075472,159
